---
maxVel: 40.0
maxAccel: 40.0
maxAngVel: 1.5707963267948966
maxAngAccel: 2.0943951023931953
robotLength: 18.0
robotWidth: 11.8
driveType: "MECANUM"
trackWidth: 12.0
lateralMultiplier: 1.0