---
maxVel: 32.5
maxAccel: 40.0
maxAngVel: 1.5707963267948966
maxAngAccel: 2.0943951023931953
robotLength: 18.0
robotWidth: 11.8
driveType: "MECANUM"
trackWidth: 7.75
lateralMultiplier: 1.215