---
startPose:
  x: -31.0
  y: 24.0
  heading: 3.141592653589793
startTangent: 3.141592653589793
waypoints:
- position:
    x: -49.5
    y: 24.0
  heading: 0.0
  tangent: 1.5707963267948966
  interpolationType: "CONSTANT"
- position:
    x: -49.5
    y: 61.5
  heading: 0.0
  tangent: 1.5707963267948966
  interpolationType: "CONSTANT"
resolution: 0.25
version: 1
