---
startPose:
  x: -29.0
  y: 26.0
  heading: 3.141592653589793
startTangent: 3.141592653589793
waypoints:
- position:
    x: -53.0
    y: 26.0
  heading: 0.0
  tangent: 1.5707963267948966
  interpolationType: "TANGENT"
- position:
    x: -56.0
    y: 61.0
  heading: 0.0
  tangent: 1.5707963267948966
  interpolationType: "CONSTANT"
resolution: 0.25
version: 1
