---
startPose:
  x: 12.0
  y: 63.34
  heading: -1.5707963267948966
startTangent: -1.5707963267948966
waypoints:
- position:
    x: -12.0
    y: 45.25
  heading: 1.5707963267948966
  tangent: -3.141592653589793
  interpolationType: "SPLINE"
resolution: 0.25
version: 1
