---
startPose:
  x: -12.0
  y: 44.0
  heading: 1.5707963267948966
startTangent: 1.5707963267948966
waypoints:
- position:
    x: -12.0
    y: 50.0
  heading: 0.0
  tangent: 1.5707963267948966
  interpolationType: "CONSTANT"
- position:
    x: -12.0
    y: 44.0
  heading: -0.2617993877991494
  tangent: 1.5707963267948966
  interpolationType: "SPLINE"
- position:
    x: -6.0
    y: 38.0
  heading: 0.0
  tangent: 0.0
  interpolationType: "CONSTANT"
- position:
    x: 16.0
    y: 38.0
  heading: -0.2617993877991494
  tangent: 0.0
  interpolationType: "SPLINE"
resolution: 0.25
version: 1
