---
startPose:
  x: 39.5
  y: 68.0
  heading: 0.0
startTangent: 3.141592653589793
waypoints:
- position:
    x: 17.0
    y: 68.0
  heading: 0.0
  tangent: 3.141592653589793
  interpolationType: "CONSTANT"
- position:
    x: -10.0
    y: 44.0
  heading: 0.0
  tangent: -1.5707963267948966
  interpolationType: "TANGENT"
resolution: 0.01
version: 1
