---
startPose:
  x: -29.0
  y: 33.0
  heading: -3.141592653589793
startTangent: -2.2689280275926285
waypoints:
- position:
    x: -61.0
    y: 42.0
  heading: 3.141592653589793
  tangent: -4.537856055185257
  interpolationType: "SPLINE"
resolution: 0.25
version: 1
