---
startPose:
  x: -12.0
  y: 45.0
  heading: 1.5707963267948966
startTangent: -1.5707963267948966
waypoints:
- position:
    x: -50.0
    y: 45.0
  heading: 0.0
  tangent: 0.0
  interpolationType: "TANGENT"
resolution: 0.25
version: 1
