---
startPose:
  x: 16.0
  y: -39.0
  heading: 0.0
startTangent: 3.141592653589793
waypoints:
- position:
    x: 0.0
    y: -37.0
  heading: -0.7853981633974483
  tangent: 3.141592653589793
  interpolationType: "SPLINE"
resolution: 0.25
version: 1
