---
startPose:
  x: 59.0
  y: -60.0
  heading: 3.141592653589793
startTangent: 0.0
waypoints:
- position:
    x: -12.0
    y: -41.0
  heading: 0.0
  tangent: 1.5707963267948966
  interpolationType: "TANGENT"
resolution: 0.25
version: 1
