---
startPose:
  x: 43.0
  y: -65.7
  heading: 0.0
startTangent: 3.3161255787892263
waypoints:
- position:
    x: 23.0
    y: -70.7
  heading: 0.0
  tangent: 3.141592653589793
  interpolationType: "CONSTANT"
- position:
    x: -12.0
    y: -45.0
  heading: 0.0
  tangent: 1.5707963267948966
  interpolationType: "TANGENT"
resolution: 0.01
version: 1
