---
startPose:
  x: -22.0
  y: -20.0
  heading: 3.141592653589793
startTangent: 3.141592653589793
waypoints:
- position:
    x: -42.0
    y: -20.0
  heading: 3.141592653589793
  tangent: 3.141592653589793
  interpolationType: "TANGENT"
- position:
    x: -48.0
    y: -43.0
  heading: 3.141592653589793
  tangent: -1.5707963267948966
  interpolationType: "TANGENT"
- position:
    x: -49.0
    y: -49.0
  heading: -1.5707963267948966
  tangent: -1.5707963267948966
  interpolationType: "SPLINE"
resolution: 0.25
version: 1
