---
startPose:
  x: 4.0
  y: -28.0
  heading: 3.141592653589793
startTangent: 2.6179938779914944
waypoints:
- position:
    x: -12.0
    y: -42.0
  heading: 3.141592653589793
  tangent: 4.537856055185257
  interpolationType: "SPLINE"
resolution: 0.25
version: 1
