---
startPose:
  x: -29.0
  y: -26.0
  heading: 3.141592653589793
startTangent: 3.141592653589793
waypoints:
- position:
    x: -42.0
    y: -26.0
  heading: 0.0
  tangent: 3.141592653589793
  interpolationType: "CONSTANT"
- position:
    x: -54.5
    y: -58.0
  heading: -1.5707963267948966
  tangent: -1.5707963267948966
  interpolationType: "SPLINE"
resolution: 0.25
version: 1
