---
startPose:
  x: -12.0
  y: -44.5
  heading: -1.5707963267948966
startTangent: -1.5707963267948966
waypoints:
- position:
    x: -56.5
    y: -61.0
  heading: 1.5707963267948966
  tangent: 3.141592653589793
  interpolationType: "TANGENT"
resolution: 0.25
version: 1
