---
startPose:
  x: 12.0
  y: -63.34
  heading: -1.5707963267948966
startTangent: 1.5707963267948966
waypoints:
- position:
    x: 12.0
    y: -60.34
  heading: 0.0
  tangent: 1.5707963267948966
  interpolationType: "CONSTANT"
- position:
    x: -10.7
    y: -42.5
  heading: 0.0
  tangent: 1.5707963267948966
  interpolationType: "TANGENT"
resolution: 0.25
version: 1
