---
startPose:
  x: -36.0
  y: -63.34
  heading: 1.5707963267948966
startTangent: 1.5707963267948966
waypoints:
- position:
    x: -61.0
    y: -60.0
  heading: 0.0
  tangent: 3.141592653589793
  interpolationType: "TANGENT"
resolution: 0.25
version: 1
