---
startPose:
  x: 43.0
  y: -66.59
  heading: 0.0
startTangent: 3.141592653589793
waypoints:
- position:
    x: 12.0
    y: -66.59
  heading: 0.0
  tangent: 3.141592653589793
  interpolationType: "CONSTANT"
- position:
    x: -11.0
    y: -40.5
  heading: 0.0
  tangent: 1.5707963267948966
  interpolationType: "TANGENT"
resolution: 0.01
version: 1
